286 0.0001176486
3473 0.0001163339
4951 0.0001143739
3890 0.0001135224
7365 0.0001122711
6359 0.0001114697
4352 0.0001081373
7032 0.0001078242
7541 0.0001075573
3699 0.0001072275
4877 0.0001060674
3242 0.0001049797
6503 0.0001044296
4221 0.0001039478
7293 0.0001035343
2276 0.0001033704
1189 0.0001033637
1441 0.0001019430
1866 0.0001014604
8602 0.0001011854
5012 0.0001011849
2342 0.0001011053
4660 0.0001007481
7353 0.0001003812
1237 0.0001003244
257 0.0001003186
8036 0.0001002395
8314 0.0001002389
7633 0.0001001789
2797 0.0001000959
6901 0.0000996692
5303 0.0000995420
9602 0.0000995141
7451 0.0000994722
2289 0.0000993271
6579 0.0000989026
1522 0.0000988970
7833 0.0000987290
7036 0.0000986064
3916 0.0000985773
1312 0.0000984629
2026 0.0000982114
8754 0.0000981149
9559 0.0000979376
3279 0.0000979014
4384 0.0000978827
5553 0.0000978254
248 0.0000977703
2568 0.0000977132
1279 0.0000977042
3683 0.0000972348
1169 0.0000971727
7016 0.0000970047
6180 0.0000969663
8914 0.0000969186
7846 0.0000969099
7497 0.0000967647
5798 0.0000965040
6898 0.0000964966
2730 0.0000963469
6655 0.0000963451
1890 0.0000963336
8065 0.0000963199
9287 0.0000962294
5421 0.0000960215
9367 0.0000959051
6500 0.0000958518
517 0.0000958296
8561 0.0000958127
4240 0.0000957730
5568 0.0000954501
3545 0.0000953312
8550 0.0000952973
200 0.0000952395
9747 0.0000950652
2645 0.0000949255
3145 0.0000948992
1490 0.0000948449
9043 0.0000947638
614 0.0000947637
8517 0.0000947574
1340 0.0000947473
70 0.0000945515
1798 0.0000945217
7220 0.0000943503
348 0.0000943499
1042 0.0000941943
7854 0.0000937666
9910 0.0000937566
8278 0.0000937495
472 0.0000936658
6158 0.0000936526
3340 0.0000936051
226 0.0000936013
6030 0.0000935830
1493 0.0000935052
8937 0.0000934289
9520 0.0000933900
3483 0.0000932749
2794 0.0000932114
