286 0.00019554
3473 0.00019335
4951 0.00019010
3890 0.00018868
7365 0.00018660
6359 0.00018527
4352 0.00017973
7032 0.00017921
7541 0.00017877
3699 0.00017822
4877 0.00017629
3242 0.00017448
6503 0.00017357
4221 0.00017277
7293 0.00017208
2276 0.00017181
1189 0.00017180
1441 0.00016944
1866 0.00016863
8602 0.00016818
5012 0.00016818
2342 0.00016804
4660 0.00016745
7353 0.00016684
1237 0.00016675
257 0.00016674
8036 0.00016660
8314 0.00016660
7633 0.00016650
2797 0.00016637
6901 0.00016566
5303 0.00016545
9602 0.00016540
7451 0.00016533
2289 0.00016509
6579 0.00016438
1522 0.00016437
7833 0.00016409
7036 0.00016389
3916 0.00016384
1312 0.00016365
2026 0.00016323
8754 0.00016307
9559 0.00016278
3279 0.00016272
4384 0.00016269
5553 0.00016259
248 0.00016250
2568 0.00016241
1279 0.00016239
3683 0.00016161
1169 0.00016151
7016 0.00016123
6180 0.00016116
8914 0.00016109
7846 0.00016107
7497 0.00016083
5798 0.00016040
6898 0.00016038
2730 0.00016013
6655 0.00016013
1890 0.00016011
8065 0.00016009
9287 0.00015994
5421 0.00015959
9367 0.00015940
6500 0.00015931
517 0.00015928
8561 0.00015925
4240 0.00015918
5568 0.00015864
3545 0.00015845
8550 0.00015839
200 0.00015829
9747 0.00015800
2645 0.00015777
3145 0.00015773
1490 0.00015764
9043 0.00015750
614 0.00015750
8517 0.00015749
1340 0.00015748
70 0.00015715
1798 0.00015710
7220 0.00015682
348 0.00015682
1042 0.00015656
7854 0.00015585
9910 0.00015583
8278 0.00015582
472 0.00015568
6158 0.00015566
3340 0.00015558
226 0.00015557
6030 0.00015554
1493 0.00015541
8937 0.00015529
9520 0.00015522
3483 0.00015503
2794 0.00015492
